0
2
3
4
5
6
7
8
9
10
11
12
13
15
16
17
18
21
22
23
24
28
30
32
33
34
36
38
39
40
41
43
44
45
46
48
51
52
53
54
56
59
61
62
65
71
72
75
77
78
83
84
86
87
88
92
94
99
102
103
104
105
108
121
122
127
129
130
133
135
138
140
144
156
157
159
168
171
186
200
207
216
234
242
246
254
256
261
267
269
292
331
349
383
387
414
425
528
565
814
0
1
2
3
4
5
6
7
8
9
0
1
2
3
4
5
6
7
8
9
0
1
2
3
4
5
6
7
8
9
0
1
2
3
4
5
6
7
8
9
0
1
2
3
4
5
6
7
8
9
0
1
2
3
4
5
6
7
8
9
0
1
2
3
4
5
6
7
8
9
0
1
2
3
4
5
6
7
8
9
0
1
2
3
4
5
6
7
8
9
0
1
2
3
4
5
6
7
8
9